type,MI_STYLE,WKT
point,"Symbol (""PIN4-32.BMP"",0,12,0)","POINT (0.31 -3.04)"
linestring,"Pen (2,5,255)","LINESTRING (2.17 0.24,0.97 0.98,2.77 1.35)"
multilinestring,"Pen (2,2,255)","MULTILINESTRING ((-2.95 1.22,-3.51 0.46,-2.95 -0.29,-3.51 -1.05),(-4.62 -1.05,-4.06 -0.29,-4.62 1.22))"
polygon,"Pen (1,2,8421504)  Brush (81,32768,16772272)","POLYGON ((-0.67 -0.80,-1.73 -0.05,-1.20 1.43,-0.14 1.43,-0.67 -0.80))"
polygon,"Pen (1,2,7340032)  Brush (61,15790320,12595200)","POLYGON ((-0.02 2.04,-1.48 2.66,-1.19 3.91,0.56 4.22,-0.02 2.04),(-0.89 3.29,-0.02 3.60,-0.31 2.66,-0.89 3.29))"
multipoint,"Symbol (60,16711680,12,""MapInfo Cartographic"",0,0)","MULTIPOINT ((-4.70 -2.05),(-2.07 -2.65),(-3.83 -3.25),(-2.95 -3.85))"
multipolygon,"Pen (1,2,16744576)  Brush (2,16765136,16777215)","MULTIPOLYGON (((-3.57 2.80,-4.27 4.18,-3.04 4.18,-3.57 2.80)),((-4.10 1.77,-3.22 2.12,-4.27 2.80,-4.45 2.12,-4.10 1.77)))"
multipolygon,"Pen (2,2,128)  Brush (1,0,16777215)","MULTIPOLYGON (((2.41 -2.33,4.54 -3.52,3.26 -4.71,1.56 -4.31,1.56 -2.73,2.41 -2.33),(3.26 -3.52,2.41 -3.12,2.41 -3.91,3.26 -3.52)),((4.12 -1.93,2.41 -1.54,4.54 -2.73,4.12 -1.93)))"
collection,"Symbol (35,32896,12)  Pen (1,2,0)  Pen (1,2,32768)  Brush (2,13696976,16777215)","GEOMETRYCOLLECTION (POLYGON ((2.85 2.13,3.45 2.13,3.45 2.80,2.85 2.80,2.85 2.13)),LINESTRING (3.45 3.48,4.04 4.16),MULTIPOINT ((3.45 3.48)))"
